name=agstiled_imagery_baselayer
minZoomLevel=0
maxZoomLevel=7
defaultZoomLevel=0
# california
center=-117.5931084,34.1063989
extent=-118.573,33.213,-117.006,34.29
buffer=1